OPERATOR_ID=0.0.26305510
OPERATOR_PVKEY=302e020100300506032b6570042204206bc58053f4d0ececb2be9ed974889ce5d82c624313bff9e6f79c087072395233
TREASURY_ID=0.0.26305510
TREASURY_KEY=302e020100300506032b6570042204206bc58053f4d0ececb2be9ed974889ce5d82c624313bff9e6f79c087072395233
ALICE_ID=0.0.26306368
ALICE_PVKEY=302e020100300506032b6570042204206b0a57f3e7046e61a5e5d700db51a46b9fa9ea57031edc930268ed7c41f5b4a6
BOB_ID=0.0.26306369
BOB_PVKEY=302e020100300506032b6570042204206785232656bc3f9182cedc12bb505e4f6036fe6683596d7331898f3c5fd923d5