OPERATOR_ID=0.0.29515597
OPERATOR_PVKEY=302e020100300506032b65700422042091340f090c7512d4e96ecdfc4014155a81303c19d31b378818eb702893095aeb
TREASURY_ID=0.0.29515597
TREASURY_KEY=302e020100300506032b65700422042091340f090c7512d4e96ecdfc4014155a81303c19d31b378818eb702893095aeb
TREASURY_PUBLIC_KEY=302a300506032b6570032100eab942837096fa39639c956b278a18903d38d0fd8667c8ee4238fdd2b0d8722f